guy_x = 2.28125
guy_y = 0.65625