guy_x = 5.28125
guy_y = 3.65625