guy_x = 22.28125
guy_y = 0.65625