guy_x = 11.28125
guy_y = 14.65625